0 9383 886
1 2777 6915
2 7793 8335
3 5386 492
4 6649 1421
5 2362 27
6 8690 59
7 7763 3926
8 540 3426
9 9172 5736
10 5211 5368
11 2567 6429
12 5782 1530
13 2862 5123
14 4067 3135
15 3929 9802
16 4022 3058
17 3069 8167
18 1393 8456
19 5011 8042
20 6229 7373
21 4421 4919
22 3784 8537
23 5198 4324
24 8315 4370
25 6413 3526
26 6091 8980
27 9956 1873
28 6862 9170
29 6996 7281
30 2305 925
31 7084 6327
32 336 6505
33 846 1729
34 1313 5857
35 6124 3895
36 9582 545
37 8814 3367
38 5434 364
39 4043 3750
40 1087 6808
41 7276 7178
42 5788 3584
43 5403 2651
44 2754 2399
45 9932 5060
46 9676 3368
47 7739 12
48 6226 8586
49 8094 7539
50 795 570
51 1434 378
52 7467 6601
53 97 2902
54 3317 492
55 6652 756
56 7301 280
57 4286 9441
58 3865 9689
59 8444 6619
60 8440 4729
61 8031 8117
62 8097 5771
63 4481 675
64 709 8927
65 4567 7856
66 9497 2353
67 4586 6965
68 5306 4683
69 6219 8624
70 1528 2871
71 5732 8829
72 9503 19
73 8270 3368
74 9708 6715
75 6340 8149
76 7796 723
77 2618 2245
78 2846 3451
79 2921 3555
80 2379 7488
81 7764 8228
82 9841 2350
83 5193 1500
84 7034 7764
85 124 4914
86 6987 5856
87 3743 6491
88 2227 8365
89 9859 1936
90 1432 2551
91 6437 9228
92 3275 5407
93 1474 6121
94 8858 4395
95 6029 1237
96 8235 3793
97 5818 4428
98 6143 1011
99 5928 9529
100 8776 2404
101 4443 5763
102 4613 4538
103 8606 6840
104 2904 4818
105 5128 688
106 7369 7917
107 9917 6996
108 3324 7743
109 9470 2183
110 8490 5499
111 9772 6725
112 5644 5590
113 7505 8139
114 2954 9786
115 7669 8082
116 8542 8464
117 197 9507
118 9355 8804
119 6348 8611
120 3622 7828
121 9299 7343
122 5746 5568
123 4340 5422
124 3311 3810
125 7605 1801
126 5661 3730
127 4878 1305
128 9320 8736
129 9444 8626
130 8522 3465
131 6708 3416
132 8282 3258
133 2924 7637
134 2062 5624
135 2600 2036
136 3452 1899
137 9379 5550
138 7468 71
139 973 7131
140 3881 4930
141 8933 5894
142 8660 163
143 7199 7981
144 8899 2996
145 2959 3773
146 2813 9668
147 7190 1095
148 2926 6466
149 5084 1340
150 2090 7684
151 3376 5542
152 5936 9107
153 7445 9756
154 9179 8418
155 6887 9412
156 3348 2172
157 1659 2009
158 2336 5210
159 6342 7587
160 8206 9301
161 7713 7372
162 5321 1255
163 4819 4599
164 7721 9904
165 5939 9811
166 3940 5667
167 1705 6228
168 1127 9150
169 5984 6658
170 3920 9224
171 2422 7269
172 1396 4081
173 5630 84
174 9292 1972
175 7672 3850
176 7625 5385
177 1222 9299
178 6640 6042
179 3898 713
180 2298 6190
181 524 2590
182 8209 8581
183 8819 9336
184 7732 1155
185 5994 8004
186 379 4769
187 5273 1776
188 8850 7255
189 1860 8142
190 5579 5884
191 1993 3205
192 7621 9567
193 2504 613
194 1961 2754
195 1326 4259
196 8944 8202
197 3202 3506
198 6784 2021
199 2842 868
200 9528 5189
201 8872 9908
202 9958 498
203 8036 8808
204 7753 6248
205 3303 3333
206 2133 1648
207 2890 9754
208 7567 1746
209 368 9529
210 4500 8046
211 3788 9797
212 6249 6990
213 3303 3033
214 5363 2497
215 253 4892
216 7686 9125
217 1152 3996
218 5975 9188
219 9157 3729
220 5436 2460
221 3414 3921
222 460 6304
223 28 8027
224 8050 6748
225 7556 8902
226 4794 7697
227 8699 1043
228 1039 2002
229 428 6403
230 4500 681
231 7647 8538
232 6159 5151
233 2535 2134
234 4339 1692
235 2215 6127
236 504 5629
237 49 964
238 8285 6429
239 5343 6335
240 3177 2900
241 5238 7971
242 6949 289
243 5367 7988
244 2292 5795
245 743 3144
246 2829 8390
247 1682 5340
248 3541 569
249 3826 4232
250 2261 6042
251 360 9117
252 8023 6761
253 81 6309
254 3190 5425
255 8996 6367
256 4677 4234
257 690 1626
258 4524 6057
259 9614 3168
260 8205 358
261 6312 7386
262 5100 4346
263 2726 4994
264 4916 6552
265 5578 3529
266 8946 2290
267 2647 6970
268 9051 9080
269 9631 8593
270 857 8627
271 1312 1886
272 9214 8355
273 3512 90
274 4412 9479
275 9610 8969
276 6189 2274
277 6355 7641
278 6620 5433
279 8987 7888
280 8338 4566
281 7770 7284
282 6856 417
283 606 2260
284 5849 237
285 7205 3059
286 5217 8518
287 4945 783
288 6873 8458
289 873 7637
290 4289 483
291 6607 478
292 2757 9314
293 4471 5729
294 1100 3459
295 3618 9438
296 8025 1388
297 3074 1233
298 8157 3681
299 3493 358
300 9383 886
