BEST SOLUTION:
Cost: 71601.553756
Time for best solution: 0.000000s
Total execution time: 0.000000s
Algorithm used: greedy
21 -1750257830 -942305365
26 -1106805745 -80873892
8 567821232 -638340121
13 1931798090 -65275848
10 1377870913 -1614856321
2 1655489882 -729044712
49 -657608293 2029711862
32 -871000021 392441544
30 -136187964 -1052015977
48 473577588 1584315613
22 1884741805 -542916792
20 -281813400 -287580744
19 -1395435097 -318121453
36 1179552925 -504904753
14 -241441992 2019356857
45 -87034464 -556810848
9 71829648 1269733214
11 208541916 -1236833137
25 1164217033 -304620624
37 -823157280 1334353681
34 -92408580 1463594617
5 -1513272421 1123190245
1 -1040481289 -1147963609
0 1974791018 133959672
28 1606860685 -779115745
35 1060142689 -1169460073
27 -362031912 -1572912001
39 -1040088061 -979137721
12 1431612073 -901147501
46 -71043192 580535605
38 -1031043817 627067585
31 1852759262 388771416
6 -532561789 1411295294
24 -1785386197 168170508
16 1513534573 -830235385
42 -761027256 45090144
18 859334256 -1936778978
4 -720655848 -441201816
23 -634145688 804937716
33 1690487174 -531775333
15 -1124894234 637029361
29 1501606657 554320405
47 1019378052 1849875590
44 -417608136 542392489
3 405680221 -1587592513
17 -1915282514 574506109
40 -999847728 -84675096
43 1423747513 765877068
7 -563757876 -1689831793
41 73402560 -568345536
21 -1750257830 -942305365
